Epsylon
0.0001
MLI
30
Macierz A
0,-9.25596e+61,-9.25596e+61,-9.25596e+61,0,
0,-9.25596e+61,-9.25596e+61,-9.25596e+61,-9.25596e+61,
0,-9.25596e+61,-9.25596e+61,-9.25596e+61,-9.25596e+61,
0,-9.25596e+61,-9.25596e+61,-9.25596e+61,-9.25596e+61,
0,-9.25596e+61,-9.25596e+61,-9.25596e+61,-9.25596e+61,
Wektor B
-9.25596e+61,-9.25596e+61,-9.25596e+61,-9.25596e+61,-9.25596e+61,
Iteracje
1

Ostatnia iteracja
3.42691e+124, -3.17194e+186, 2.93594e+248, -inf, -nan(ind), 
Przedostatnia iteracja
-9.25596e+61, -9.25596e+61, -9.25596e+61, -9.25596e+61, -9.25596e+61, 
Macierz alfa
-9.25596e+61,-9.25596e+61,-9.25596e+61,-9.25596e+61,-9.25596e+61,
-9.25596e+61,-9.25596e+61,-9.25596e+61,-9.25596e+61,-9.25596e+61,
-9.25596e+61,-9.25596e+61,-9.25596e+61,-9.25596e+61,-9.25596e+61,
-9.25596e+61,-9.25596e+61,-9.25596e+61,-9.25596e+61,-9.25596e+61,
-9.25596e+61,-9.25596e+61,-9.25596e+61,-9.25596e+61,-9.25596e+61,
Wektor beta
-9.25596e+61,-9.25596e+61,-9.25596e+61,-9.25596e+61,-9.25596e+61,
